EDID BYTES:
0x   00 01 02 03 04 05 06 07 08 09 0A 0B 0C 0D 0E 0F
    ------------------------------------------------
00 | 00 FF FF FF FF FF FF 00 33 54 01 00 00 00 00 00
10 | 0C 1B 01 03 80 00 00 78 0A 07 F5 9A 56 4E 86 26
20 | 1E 50 54 00 00 00 00 00 00 00 00 00 00 00 00 00
30 | 00 00 00 00 00 00 FF 4F A0 96 50 00 10 A0 46 23
40 | C2 00 5A A0 00 00 00 18 00 00 00 FC 00 4C 53 30
50 | 36 30 52 31 53 58 30 31 20 20 00 00 00 FF 00 30
60 | 30 30 30 30 30 30 30 20 20 20 20 20 00 00 00 FD
70 | 00 17 4B 0F F0 22 00 0A 20 20 20 20 20 20 01 7E
